<?xml version="1.0" ?>
<name>
STO-3G-XE
</name>
<basis symbol="Xe">
  <shell type="S" nprim="3">
    <exponents>
   6035.183623000
   1099.316231000
    297.517873700
    </exponents>
    <coefficients>
      0.15432897
      0.53532814
      0.44463454
    </coefficients>      
  </shell>
  <shell type="L" nprim="3">
    <exponents>
    533.736641800
    124.028917100
     40.338053280
    </exponents>
    <scoefficients>
     -0.09996723
      0.39951283
      0.70011547
    </scoefficients>      
    <pcoefficients>
      0.15591628
      0.60768372
      0.39195739
    </pcoefficients>      
  </shell>
  <shell type="L" nprim="3">
    <exponents>
     69.542705450
     21.212741750
      8.184535234
    </exponents>
    <scoefficients>
     -0.22776350
      0.21754360
      0.91667696
    </scoefficients>      
    <pcoefficients>
      0.00495151
      0.57776647
      0.48464604
    </pcoefficients>      
  </shell>
  <shell type="D" nprim="3">
    <exponents>
     69.542705450
     21.212741750
      8.184535234
    </exponents>
    <coefficients>
      0.21976795
      0.65554736
      0.28657326
    </coefficients>      
  </shell>
  <shell type="L" nprim="3">
    <exponents>
      7.295991196
      2.841021154
      1.250624506
    </exponents>
    <scoefficients>
     -0.33061006
      0.05761095
      1.11557874
    </scoefficients>      
    <pcoefficients>
     -0.12839276
      0.58520476
      0.54394420
    </pcoefficients>      
  </shell>
  <shell type="D" nprim="3">
    <exponents>
      7.295991196
      2.841021154
      1.250624506
    </exponents>
    <coefficients>
      0.12506621
      0.66867856
      0.30524682
    </coefficients>      
  </shell>
  <shell type="L" nprim="3">
    <exponents>
      0.790036458
      0.425385789
      0.187900384
    </exponents>
    <scoefficients>
     -0.38426426
     -0.19725674
      1.37549551
    </scoefficients>      
    <pcoefficients>
     -0.34816915
      0.62903237
      0.66628327
    </pcoefficients>      
  </shell>
</basis>
<atomicguess symbol="Xe" basis="STO-3G-xe">
   <guessdensitymatrix>
     2.46149     -1.23052      0.00000      0.00000      0.00000      2.77409      0.00000      0.00000      0.00000     -1.01602      0.00000      0.00000     -1.01602      0.00000     -1.01602     -1.00608      0.00000      0.00000      0.00000      0.40103      0.00000      0.00000      0.40103      0.00000      0.40103      0.02069      0.00000      0.00000      0.00000 
    -1.23052      3.35000      0.00000      0.00000      0.00000     -8.22861      0.00000      0.00000      0.00000      2.92111      0.00000      0.00000      2.92111      0.00000      2.92111      3.16345      0.00000      0.00000      0.00000     -1.23221      0.00000      0.00000     -1.23221      0.00000     -1.23221     -0.07795      0.00000      0.00000      0.00000 
     0.00000      0.00000      2.74501      0.00000      0.00000      0.00000     -1.52279      0.00000      0.00000      0.00000      0.00000      0.00000      0.00000      0.00000      0.00000      0.00000      0.42602      0.00000      0.00000      0.00000      0.00000      0.00000      0.00000      0.00000      0.00000      0.00000     -0.07650      0.00000      0.00000 
     0.00000      0.00000      0.00000      2.74501      0.00000      0.00000      0.00000     -1.52279      0.00000      0.00000      0.00000      0.00000      0.00000      0.00000      0.00000      0.00000      0.00000      0.42602      0.00000      0.00000      0.00000      0.00000      0.00000      0.00000      0.00000      0.00000      0.00000     -0.07650      0.00000 
     0.00000      0.00000      0.00000      0.00000      2.74501      0.00000      0.00000      0.00000     -1.52279      0.00000      0.00000      0.00000      0.00000      0.00000      0.00000      0.00000      0.00000      0.00000      0.42602      0.00000      0.00000      0.00000      0.00000      0.00000      0.00000      0.00000      0.00000      0.00000     -0.07650 
     2.77409     -8.22861      0.00000      0.00000      0.00000     23.47309      0.00000      0.00000      0.00000     -7.42145      0.00000      0.00000     -7.42145      0.00000     -7.42145    -10.08081      0.00000      0.00000      0.00000      3.63722      0.00000      0.00000      3.63722      0.00000      3.63722      0.42971      0.00000      0.00000      0.00000 
     0.00000      0.00000     -1.52279      0.00000      0.00000      0.00000      3.12978      0.00000      0.00000      0.00000      0.00000      0.00000      0.00000      0.00000      0.00000      0.00000     -1.06788      0.00000      0.00000      0.00000      0.00000      0.00000      0.00000      0.00000      0.00000      0.00000      0.19513      0.00000      0.00000 
     0.00000      0.00000      0.00000     -1.52279      0.00000      0.00000      0.00000      3.12978      0.00000      0.00000      0.00000      0.00000      0.00000      0.00000      0.00000      0.00000      0.00000     -1.06788      0.00000      0.00000      0.00000      0.00000      0.00000      0.00000      0.00000      0.00000      0.00000      0.19513      0.00000 
     0.00000      0.00000      0.00000      0.00000     -1.52279      0.00000      0.00000      0.00000      3.12978      0.00000      0.00000      0.00000      0.00000      0.00000      0.00000      0.00000      0.00000      0.00000     -1.06788      0.00000      0.00000      0.00000      0.00000      0.00000      0.00000      0.00000      0.00000      0.00000      0.19513 
    -1.01602      2.92111      0.00000      0.00000      0.00000     -7.42145      0.00000      0.00000      0.00000      4.84022      0.00000      0.00000      1.42959      0.00000      1.42959      2.93289      0.00000      0.00000      0.00000     -1.90961      0.00000      0.00000     -0.72619      0.00000     -0.72619     -0.08757      0.00000      0.00000      0.00000 
     0.00000      0.00000      0.00000      0.00000      0.00000      0.00000      0.00000      0.00000      0.00000      0.00000      6.82121      0.00000      0.00000      0.00000      0.00000      0.00000      0.00000      0.00000      0.00000      0.00000     -2.36684      0.00000      0.00000      0.00000      0.00000      0.00000      0.00000      0.00000      0.00000 
     0.00000      0.00000      0.00000      0.00000      0.00000      0.00000      0.00000      0.00000      0.00000      0.00000      0.00000      6.82121      0.00000      0.00000      0.00000      0.00000      0.00000      0.00000      0.00000      0.00000      0.00000     -2.36684      0.00000      0.00000      0.00000      0.00000      0.00000      0.00000      0.00000 
    -1.01602      2.92111      0.00000      0.00000      0.00000     -7.42145      0.00000      0.00000      0.00000      1.42959      0.00000      0.00000      4.84021      0.00000      1.42959      2.93289      0.00000      0.00000      0.00000     -0.72618      0.00000      0.00000     -1.90961      0.00000     -0.72619     -0.08757      0.00000      0.00000      0.00000 
     0.00000      0.00000      0.00000      0.00000      0.00000      0.00000      0.00000      0.00000      0.00000      0.00000      0.00000      0.00000      0.00000      6.82121      0.00000      0.00000      0.00000      0.00000      0.00000      0.00000      0.00000      0.00000      0.00000     -2.36684      0.00000      0.00000      0.00000      0.00000      0.00000 
    -1.01602      2.92111      0.00000      0.00000      0.00000     -7.42145      0.00000      0.00000      0.00000      1.42959      0.00000      0.00000      1.42959      0.00000      4.84022      2.93289      0.00000      0.00000      0.00000     -0.72619      0.00000      0.00000     -0.72620      0.00000     -1.90961     -0.08757      0.00000      0.00000      0.00000 
    -1.00608      3.16345      0.00000      0.00000      0.00000    -10.08081      0.00000      0.00000      0.00000      2.93289      0.00000      0.00000      2.93289      0.00000      2.93289      9.91860      0.00000      0.00000      0.00000     -2.46240      0.00000      0.00000     -2.46240      0.00000     -2.46240     -0.88192      0.00000      0.00000      0.00000 
     0.00000      0.00000      0.42602      0.00000      0.00000      0.00000     -1.06788      0.00000      0.00000      0.00000      0.00000      0.00000      0.00000      0.00000      0.00000      0.00000      2.49631      0.00000      0.00000      0.00000      0.00000      0.00000      0.00000      0.00000      0.00000      0.00000     -0.54705      0.00000      0.00000 
     0.00000      0.00000      0.00000      0.42602      0.00000      0.00000      0.00000     -1.06788      0.00000      0.00000      0.00000      0.00000      0.00000      0.00000      0.00000      0.00000      0.00000      2.49631      0.00000      0.00000      0.00000      0.00000      0.00000      0.00000      0.00000      0.00000      0.00000     -0.54705      0.00000 
     0.00000      0.00000      0.00000      0.00000      0.42602      0.00000      0.00000      0.00000     -1.06788      0.00000      0.00000      0.00000      0.00000      0.00000      0.00000      0.00000      0.00000      0.00000      2.49631      0.00000      0.00000      0.00000      0.00000      0.00000      0.00000      0.00000      0.00000      0.00000     -0.54705 
     0.40103     -1.23221      0.00000      0.00000      0.00000      3.63722      0.00000      0.00000      0.00000     -1.90961      0.00000      0.00000     -0.72618      0.00000     -0.72619     -2.46240      0.00000      0.00000      0.00000      2.98499      0.00000      0.00000     -0.42566      0.00000     -0.42566      0.11519      0.00000      0.00000      0.00000 
     0.00000      0.00000      0.00000      0.00000      0.00000      0.00000      0.00000      0.00000      0.00000      0.00000     -2.36684      0.00000      0.00000      0.00000      0.00000      0.00000      0.00000      0.00000      0.00000      0.00000      6.82126      0.00000      0.00000      0.00000      0.00000      0.00000      0.00000      0.00000      0.00000 
     0.00000      0.00000      0.00000      0.00000      0.00000      0.00000      0.00000      0.00000      0.00000      0.00000      0.00000     -2.36684      0.00000      0.00000      0.00000      0.00000      0.00000      0.00000      0.00000      0.00000      0.00000      6.82126      0.00000      0.00000      0.00000      0.00000      0.00000      0.00000      0.00000 
     0.40103     -1.23221      0.00000      0.00000      0.00000      3.63722      0.00000      0.00000      0.00000     -0.72619      0.00000      0.00000     -1.90961      0.00000     -0.72620     -2.46240      0.00000      0.00000      0.00000     -0.42566      0.00000      0.00000      2.98495      0.00000     -0.42566      0.11519      0.00000      0.00000      0.00000 
     0.00000      0.00000      0.00000      0.00000      0.00000      0.00000      0.00000      0.00000      0.00000      0.00000      0.00000      0.00000      0.00000     -2.36684      0.00000      0.00000      0.00000      0.00000      0.00000      0.00000      0.00000      0.00000      0.00000      6.82126      0.00000      0.00000      0.00000      0.00000      0.00000 
     0.40103     -1.23221      0.00000      0.00000      0.00000      3.63722      0.00000      0.00000      0.00000     -0.72619      0.00000      0.00000     -0.72619      0.00000     -1.90961     -2.46240      0.00000      0.00000      0.00000     -0.42566      0.00000      0.00000     -0.42566      0.00000      2.98499      0.11519      0.00000      0.00000      0.00000 
     0.02069     -0.07795      0.00000      0.00000      0.00000      0.42971      0.00000      0.00000      0.00000     -0.08757      0.00000      0.00000     -0.08757      0.00000     -0.08757     -0.88192      0.00000      0.00000      0.00000      0.11519      0.00000      0.00000      0.11519      0.00000      0.11519      2.16226      0.00000      0.00000      0.00000 
     0.00000      0.00000     -0.07650      0.00000      0.00000      0.00000      0.19513      0.00000      0.00000      0.00000      0.00000      0.00000      0.00000      0.00000      0.00000      0.00000     -0.54705      0.00000      0.00000      0.00000      0.00000      0.00000      0.00000      0.00000      0.00000      0.00000      1.81353      0.00000      0.00000 
     0.00000      0.00000      0.00000     -0.07650      0.00000      0.00000      0.00000      0.19513      0.00000      0.00000      0.00000      0.00000      0.00000      0.00000      0.00000      0.00000      0.00000     -0.54705      0.00000      0.00000      0.00000      0.00000      0.00000      0.00000      0.00000      0.00000      0.00000      1.81352      0.00000 
     0.00000      0.00000      0.00000      0.00000     -0.07650      0.00000      0.00000      0.00000      0.19513      0.00000      0.00000      0.00000      0.00000      0.00000      0.00000      0.00000      0.00000      0.00000     -0.54705      0.00000      0.00000      0.00000      0.00000      0.00000      0.00000      0.00000      0.00000      0.00000      1.81353 
   </guessdensitymatrix>
   <alphaocc>
     1.00000      1.00000      1.00000      1.00000      1.00000      1.00000      1.00000      1.00000      1.00000      1.00000      1.00000      1.00000      1.00000      1.00000      1.00000      1.00000      1.00000      1.00000      1.00000      1.00000      1.00000      1.00000      1.00000      1.00000      0.96436      0.96436      0.96436      0.00000      0.00000 
   </alphaocc>
   <betaocc>
     1.00000      1.00000      1.00000      1.00000      1.00000      1.00000      1.00000      1.00000      1.00000      1.00000      1.00000      1.00000      1.00000      1.00000      1.00000      1.00000      1.00000      1.00000      1.00000      1.00000      1.00000      1.00000      1.00000      1.00000      0.70231      0.70231      0.70231      0.00000      0.00000 
   </betaocc>
   <alphaeps>
 -1149.80400   -172.43310   -163.73750   -163.73750   -163.73750    -33.38919    -30.23519    -30.23519    -30.23519    -21.70046    -21.70046    -21.70046    -21.70046    -21.70046     -5.55639     -4.25655     -4.25655     -4.25655     -1.45461     -1.45461     -1.45461     -1.45461     -1.45461     -0.43729     -0.17069     -0.17069     -0.17069     16.89002    297.58610 
   </alphaeps>
   <betaeps>
 -1149.80400   -172.43270   -163.73700   -163.73700   -163.73700    -33.38859    -30.23458    -30.23458    -30.23458    -21.69989    -21.69989    -21.69989    -21.69989    -21.69989     -5.55448     -4.25448     -4.25448     -4.25448     -1.45267     -1.45267     -1.45267     -1.45267     -1.45267     -0.41929     -0.15269     -0.15269     -0.15269     16.89966    297.58740 
   </betaeps>
   <alphavectors>
     0.99661      0.42354     -0.00000      0.00000     -0.00000     -0.22256      0.00000     -0.00000     -0.00000      0.00000     -0.00000     -0.00000      0.00000      0.00000      0.09006     -0.00000     -0.00000     -0.00000     -0.00000      0.00000      0.00000     -0.00000      0.00000     -0.02199     -0.00000      0.00000     -0.00000     -0.00590      0.62492 
     0.01040     -1.03474      0.00000     -0.00000      0.00000      0.71175     -0.00000      0.00000      0.00000     -0.00000      0.00000      0.00000     -0.00000     -0.00000     -0.30372      0.00000      0.00000      0.00000      0.00000      0.00000     -0.00000      0.00000     -0.00000      0.07333      0.00000     -0.00000      0.00000      0.06827     -0.26397 
    -0.00000     -0.00000      1.00373     -0.00000      0.00000      0.00000     -0.56249      0.00000      0.00000      0.00000     -0.00000      0.00000      0.00000      0.00000     -0.00000      0.21451     -0.00000      0.00000      0.00000      0.00000     -0.00000     -0.00000      0.00000     -0.00000     -0.05608      0.00000      0.00000     -0.00000     -0.00000 
    -0.00000     -0.00000      0.00000     -0.00000     -1.00373     -0.00000     -0.00000      0.00000     -0.56249      0.00000     -0.00000     -0.00000     -0.00000     -0.00000      0.00000      0.00000      0.00000     -0.21451     -0.00000      0.00000      0.00000     -0.00000     -0.00000     -0.00000      0.00000      0.00000     -0.05608      0.00000      0.00000 
    -0.00000     -0.00000      0.00000     -1.00373      0.00000     -0.00000     -0.00000      0.56249      0.00000      0.00000     -0.00000      0.00000     -0.00000     -0.00000      0.00000      0.00000      0.21451     -0.00000     -0.00000      0.00000      0.00000     -0.00000      0.00000     -0.00000      0.00000      0.05608      0.00000     -0.00000     -0.00000 
    -0.07085      1.77728     -0.00000      0.00000     -0.00000     -2.63923      0.00000     -0.00000     -0.00000      0.00000      0.00000     -0.00000      0.00000      0.00000      1.22841     -0.00000     -0.00000      0.00000     -0.00000      0.00000      0.00000     -0.00000      0.00000     -0.31357      0.00000      0.00000     -0.00000      0.06787    -36.32033 
     0.00000      0.00000     -0.00791      0.00000     -0.00000     -0.00000      1.12521     -0.00000     -0.00000     -0.00000      0.00000     -0.00000     -0.00000     -0.00000      0.00000     -0.53100      0.00000     -0.00000     -0.00000     -0.00000      0.00000      0.00000     -0.00000      0.00000      0.14186      0.00000      0.00000      0.00000      0.00000 
     0.00000      0.00000     -0.00000      0.00000      0.00791      0.00000      0.00000     -0.00000      1.12521     -0.00000      0.00000      0.00000      0.00000      0.00000     -0.00000     -0.00000     -0.00000      0.53100      0.00000     -0.00000     -0.00000      0.00000      0.00000      0.00000     -0.00000     -0.00000      0.14186     -0.00000     -0.00000 
     0.00000      0.00000     -0.00000      0.00791     -0.00000      0.00000      0.00000     -1.12521     -0.00000     -0.00000      0.00000     -0.00000      0.00000      0.00000     -0.00000     -0.00000     -0.53100      0.00000      0.00000     -0.00000     -0.00000      0.00000     -0.00000      0.00000     -0.00000     -0.14186      0.00000      0.00000      0.00000 
     0.03162     -0.84482      0.00000     -0.00000      0.00000      0.68731     -0.00000      0.00000      0.00000     -0.00000     -0.84255      0.00000     -0.00000     -0.48642     -0.30088      0.00000      0.00000     -0.00000      0.00000     -0.37787     -0.00000     -0.00000     -0.21816      0.07481     -0.00000      0.00000      0.00000      0.10709     16.41007 
     0.00000      0.00000     -0.00000     -0.00000     -0.00000      0.00000     -0.00000      0.00000     -0.00000     -0.00000     -0.00000     -1.68507      0.00000     -0.00000     -0.00000      0.00000     -0.00000     -0.00000      0.00000      0.00000      0.75574      0.00000      0.00000      0.00000      0.00000      0.00000     -0.00000     -0.00000      0.00000 
    -0.00000     -0.00000      0.00000     -0.00000      0.00000     -0.00000      0.00000      0.00000     -0.00000      1.68507      0.00000     -0.00000     -0.00000      0.00000      0.00000     -0.00000     -0.00000     -0.00000      0.75574     -0.00000      0.00000     -0.00000     -0.00000     -0.00000      0.00000     -0.00000     -0.00000     -0.00000      0.00000 
     0.03162     -0.84482      0.00000     -0.00000      0.00000      0.68731     -0.00000      0.00000      0.00000     -0.00000      0.00002      0.00000     -0.00000      0.97288     -0.30088     -0.00000     -0.00000      0.00000      0.00000      0.00000     -0.00000      0.00000      0.43633      0.07481      0.00000     -0.00000     -0.00000      0.10709     16.41007 
     0.00000      0.00000      0.00000      0.00000     -0.00000      0.00000     -0.00000     -0.00000     -0.00000     -0.00000      0.00000      0.00000     -1.68507     -0.00000      0.00000      0.00000      0.00000     -0.00000      0.00000      0.00000     -0.00000      0.75574     -0.00000     -0.00000      0.00000      0.00000      0.00000     -0.00000      0.00000 
     0.03162     -0.84482      0.00000     -0.00000      0.00000      0.68731     -0.00000      0.00000      0.00000     -0.00000      0.84253      0.00000     -0.00000     -0.48646     -0.30088      0.00000      0.00000     -0.00000      0.00000      0.37787     -0.00000     -0.00000     -0.21816      0.07481     -0.00000      0.00000      0.00000      0.10709     16.41007 
     0.03225     -0.51164      0.00000     -0.00000      0.00000      0.55894     -0.00000      0.00000      0.00000     -0.00000     -0.00000      0.00000     -0.00000     -0.00000     -2.04204      0.00000     -0.00000     -0.00000      0.00000      0.00000     -0.00000      0.00000     -0.00000      0.47056     -0.00000      0.00000     -0.00000     57.30134     12.77576 
    -0.00000     -0.00000      0.00485     -0.00000      0.00000      0.00000      0.06662      0.00000      0.00000      0.00000     -0.00000      0.00000     -0.00000      0.00000     -0.00000      1.06981     -0.00000      0.00000      0.00000      0.00000     -0.00000     -0.00000      0.00000     -0.00000     -0.34493      0.00000      0.00000     -0.00000     -0.00000 
    -0.00000     -0.00000      0.00000     -0.00000     -0.00485     -0.00000     -0.00000      0.00000      0.06662     -0.00000     -0.00000     -0.00000     -0.00000     -0.00000      0.00000      0.00000      0.00000     -1.06981     -0.00000      0.00000      0.00000     -0.00000     -0.00000     -0.00000      0.00000      0.00000     -0.34493      0.00000      0.00000 
    -0.00000     -0.00000      0.00000     -0.00485      0.00000     -0.00000     -0.00000     -0.06662      0.00000      0.00000     -0.00000     -0.00000     -0.00000     -0.00000      0.00000      0.00000      1.06981     -0.00000     -0.00000      0.00000      0.00000     -0.00000      0.00000     -0.00000      0.00000      0.34493      0.00000     -0.00000     -0.00000 
    -0.01488      0.24973     -0.00000      0.00000     -0.00000     -0.30730      0.00000     -0.00000     -0.00000      0.00000     -0.06205     -0.00000      0.00000     -0.03582      0.44002      0.00000      0.00000     -0.00000     -0.00000      0.92131      0.00000     -0.00000      0.53192     -0.07408      0.00000     -0.00000     -0.00000    -25.74976     -5.97412 
    -0.00000     -0.00000      0.00000     -0.00000      0.00000     -0.00000      0.00000      0.00000      0.00000      0.00000      0.00000     -0.12410     -0.00000      0.00000      0.00000     -0.00000      0.00000      0.00000     -0.00000     -0.00000     -1.84261     -0.00000     -0.00000     -0.00000     -0.00000     -0.00000      0.00000      0.00000     -0.00000 
     0.00000      0.00000     -0.00000      0.00000     -0.00000      0.00000     -0.00000     -0.00000      0.00000      0.12410     -0.00000      0.00000      0.00000     -0.00000     -0.00000      0.00000      0.00000      0.00000     -1.84261      0.00000      0.00000     -0.00000      0.00000      0.00000      0.00000     -0.00000     -0.00000      0.00000     -0.00000 
    -0.01488      0.24973     -0.00000      0.00000     -0.00000     -0.30730      0.00000     -0.00000     -0.00000      0.00000      0.00000     -0.00000      0.00000      0.07165      0.44002     -0.00000     -0.00000      0.00000     -0.00000     -0.00000      0.00000      0.00000     -1.06383     -0.07408      0.00000      0.00000      0.00000    -25.74976     -5.97412 
    -0.00000     -0.00000     -0.00000     -0.00000      0.00000     -0.00000     -0.00000      0.00000      0.00000      0.00000     -0.00000     -0.00000     -0.12410      0.00000     -0.00000     -0.00000     -0.00000      0.00000     -0.00000     -0.00000      0.00000     -1.84261      0.00000      0.00000     -0.00000     -0.00000     -0.00000      0.00000     -0.00000 
    -0.01488      0.24973     -0.00000      0.00000     -0.00000     -0.30730      0.00000     -0.00000     -0.00000      0.00000      0.06205     -0.00000      0.00000     -0.03583      0.44002      0.00000      0.00000     -0.00000     -0.00000     -0.92131      0.00000     -0.00000      0.53192     -0.07408      0.00000     -0.00000     -0.00000    -25.74976     -5.97412 
     0.00045     -0.01356      0.00000     -0.00000      0.00000      0.02892     -0.00000      0.00000      0.00000     -0.00000     -0.00000      0.00000     -0.00000     -0.00000     -0.00858      0.00000      0.00000      0.00000      0.00000      0.00000     -0.00000      0.00000      0.00000     -1.03918      0.00000     -0.00000      0.00000      0.56793      0.21133 
     0.00000      0.00000     -0.00109      0.00000     -0.00000     -0.00000     -0.01097     -0.00000     -0.00000     -0.00000      0.00000     -0.00000      0.00000     -0.00000      0.00000      0.02524      0.00000     -0.00000     -0.00000     -0.00000      0.00000     -0.00000     -0.00000      0.00000      1.04269      0.00000      0.00000      0.00000      0.00000 
     0.00000      0.00000     -0.00000      0.00000      0.00109      0.00000      0.00000     -0.00000     -0.01097      0.00000      0.00000      0.00000      0.00000      0.00000     -0.00000     -0.00000     -0.00000     -0.02524      0.00000     -0.00000     -0.00000      0.00000      0.00000      0.00000     -0.00000     -0.00000      1.04269      0.00000     -0.00000 
     0.00000      0.00000     -0.00000      0.00109     -0.00000      0.00000      0.00000      0.01097     -0.00000     -0.00000      0.00000      0.00000      0.00000      0.00000     -0.00000     -0.00000      0.02524      0.00000      0.00000     -0.00000     -0.00000      0.00000     -0.00000      0.00000     -0.00000     -1.04269     -0.00000      0.00000      0.00000 
   </alphavectors>
   <betavectors>
     0.99661      0.42354     -0.00000      0.00000     -0.00000     -0.22256     -0.00000     -0.00000      0.00000     -0.00000     -0.00000     -0.00000      0.00000      0.00000     -0.09006      0.00000     -0.00000      0.00000     -0.00000     -0.00000     -0.00000     -0.00000     -0.00000     -0.02196      0.00000     -0.00000      0.00000      0.00591     -0.62492 
     0.01040     -1.03474      0.00000     -0.00000      0.00000      0.71175      0.00000      0.00000     -0.00000      0.00000      0.00000      0.00000     -0.00000     -0.00000      0.30373     -0.00000      0.00000      0.00000      0.00000     -0.00000      0.00000      0.00000      0.00000      0.07323     -0.00000      0.00000     -0.00000     -0.06829      0.26397 
    -0.00000      0.00000     -1.00373      0.00000     -0.00000      0.00000     -0.56249      0.00000     -0.00000     -0.00000      0.00000     -0.00000      0.00000     -0.00000      0.00000      0.21453      0.00000      0.00000     -0.00000      0.00000      0.00000      0.00000     -0.00000      0.00000     -0.05597     -0.00000      0.00000      0.00000     -0.00000 
    -0.00000     -0.00000      0.00000     -0.00000     -1.00373     -0.00000      0.00000     -0.00000      0.56249     -0.00000     -0.00000     -0.00000      0.00000      0.00000      0.00000      0.00000     -0.00000      0.21453      0.00000     -0.00000      0.00000      0.00000      0.00000     -0.00000      0.00000      0.00000      0.05597     -0.00000      0.00000 
    -0.00000     -0.00000      0.00000     -1.00373      0.00000     -0.00000      0.00000     -0.56249      0.00000      0.00000     -0.00000      0.00000     -0.00000      0.00000     -0.00000     -0.00000      0.21453      0.00000     -0.00000     -0.00000      0.00000     -0.00000      0.00000     -0.00000     -0.00000     -0.05597     -0.00000      0.00000      0.00000 
    -0.07085      1.77729     -0.00000      0.00000     -0.00000     -2.63923     -0.00000     -0.00000      0.00000     -0.00000      0.00000      0.00000      0.00000      0.00000     -1.22845      0.00000      0.00000      0.00000     -0.00000     -0.00000     -0.00000     -0.00000     -0.00000     -0.31319      0.00000      0.00000     -0.00000     -0.06800     36.32033 
     0.00000     -0.00000      0.00791     -0.00000      0.00000     -0.00000      1.12521     -0.00000      0.00000      0.00000     -0.00000      0.00000     -0.00000      0.00000     -0.00000     -0.53105     -0.00000     -0.00000      0.00000     -0.00000     -0.00000     -0.00000      0.00000     -0.00000      0.14159      0.00000     -0.00000     -0.00000      0.00000 
     0.00000      0.00000     -0.00000      0.00000      0.00791      0.00000     -0.00000      0.00000     -1.12521      0.00000      0.00000      0.00000     -0.00000     -0.00000     -0.00000     -0.00000      0.00000     -0.53105     -0.00000      0.00000     -0.00000     -0.00000     -0.00000      0.00000     -0.00000     -0.00000     -0.14159      0.00000     -0.00000 
     0.00000      0.00000     -0.00000      0.00791     -0.00000      0.00000     -0.00000      1.12521     -0.00000     -0.00000      0.00000     -0.00000      0.00000     -0.00000      0.00000      0.00000     -0.53105     -0.00000      0.00000      0.00000     -0.00000      0.00000     -0.00000      0.00000      0.00000      0.14159      0.00000     -0.00000     -0.00000 
     0.03162     -0.84483      0.00000     -0.00000      0.00000      0.68730      0.00000      0.00000     -0.00000      0.00000     -0.84255     -0.00000      0.00000     -0.48643      0.30088      0.00000     -0.00000     -0.00000      0.00000      0.37786     -0.00000     -0.00000      0.21816      0.07467     -0.00000     -0.00000     -0.00000     -0.10701    -16.41007 
     0.00000     -0.00000      0.00000     -0.00000      0.00000     -0.00000     -0.00000      0.00000     -0.00000     -0.00000     -0.00000     -0.00000     -1.68508     -0.00000     -0.00000      0.00000      0.00000     -0.00000     -0.00000     -0.00000      0.75572     -0.00000     -0.00000      0.00000      0.00000     -0.00000      0.00000     -0.00000     -0.00000 
    -0.00000      0.00000     -0.00000      0.00000     -0.00000      0.00000      0.00000      0.00000      0.00000      1.68508      0.00000      0.00000     -0.00000     -0.00000      0.00000      0.00000     -0.00000      0.00000     -0.75572     -0.00000     -0.00000      0.00000     -0.00000     -0.00000      0.00000      0.00000      0.00000      0.00000      0.00000 
     0.03162     -0.84483      0.00000     -0.00000      0.00000      0.68730      0.00000      0.00000      0.00000      0.00000      0.00002      0.00000     -0.00000      0.97288      0.30088     -0.00000      0.00000      0.00000      0.00000      0.00000      0.00000      0.00000     -0.43632      0.07467     -0.00000      0.00000      0.00000     -0.10701    -16.41007 
    -0.00000      0.00000     -0.00000      0.00000     -0.00000      0.00000      0.00000      0.00000     -0.00000     -0.00000     -0.00000      1.68508      0.00000     -0.00000     -0.00000      0.00000     -0.00000     -0.00000     -0.00000     -0.00000     -0.00000      0.75572     -0.00000      0.00000     -0.00000     -0.00000     -0.00000     -0.00000      0.00000 
     0.03162     -0.84483      0.00000     -0.00000      0.00000      0.68730      0.00000      0.00000     -0.00000     -0.00000      0.84253      0.00000     -0.00000     -0.48646      0.30088     -0.00000      0.00000      0.00000     -0.00000     -0.37786      0.00000      0.00000      0.21816      0.07467     -0.00000     -0.00000     -0.00000     -0.10701    -16.41007 
     0.03225     -0.51163      0.00000     -0.00000      0.00000      0.55903      0.00000      0.00000     -0.00000      0.00000     -0.00000      0.00000     -0.00000     -0.00000      2.04182     -0.00000     -0.00000      0.00000      0.00000     -0.00000      0.00000      0.00000      0.00000      0.45571      0.00000     -0.00000      0.00000    -57.30139    -12.77610 
    -0.00000      0.00000     -0.00485      0.00000     -0.00000      0.00000      0.06661      0.00000     -0.00000     -0.00000      0.00000     -0.00000      0.00000     -0.00000      0.00000      1.06998      0.00000      0.00000     -0.00000      0.00000      0.00000      0.00000     -0.00000      0.00000     -0.34440     -0.00000      0.00000      0.00000     -0.00000 
    -0.00000     -0.00000      0.00000     -0.00000     -0.00485     -0.00000      0.00000     -0.00000     -0.06661      0.00000     -0.00000      0.00000     -0.00000      0.00000      0.00000     -0.00000      0.00000      1.06998      0.00000     -0.00000      0.00000      0.00000      0.00000     -0.00000      0.00000      0.00000      0.34440      0.00000      0.00000 
    -0.00000     -0.00000      0.00000     -0.00485      0.00000     -0.00000      0.00000      0.06661      0.00000      0.00000     -0.00000      0.00000     -0.00000      0.00000     -0.00000     -0.00000      1.06998      0.00000     -0.00000     -0.00000      0.00000     -0.00000      0.00000     -0.00000     -0.00000     -0.34440     -0.00000      0.00000      0.00000 
    -0.01488      0.24973     -0.00000      0.00000     -0.00000     -0.30733     -0.00000     -0.00000      0.00000      0.00000     -0.06204     -0.00000      0.00000     -0.03582     -0.43988      0.00000     -0.00000     -0.00000     -0.00000     -0.92131     -0.00000     -0.00000     -0.53192     -0.06754      0.00000     -0.00000      0.00000     25.74975      5.97427 
    -0.00000      0.00000     -0.00000     -0.00000     -0.00000      0.00000      0.00000      0.00000      0.00000     -0.00000      0.00000     -0.00000     -0.12408      0.00000      0.00000     -0.00000     -0.00000      0.00000     -0.00000      0.00000     -1.84262     -0.00000      0.00000     -0.00000     -0.00000      0.00000     -0.00000      0.00000      0.00000 
     0.00000     -0.00000      0.00000     -0.00000      0.00000     -0.00000     -0.00000     -0.00000     -0.00000      0.12408      0.00000      0.00000     -0.00000      0.00000     -0.00000      0.00000     -0.00000     -0.00000      1.84262     -0.00000     -0.00000      0.00000     -0.00000     -0.00000      0.00000      0.00000      0.00000      0.00000      0.00000 
    -0.01488      0.24973     -0.00000      0.00000     -0.00000     -0.30733     -0.00000     -0.00000      0.00000      0.00000      0.00000      0.00000     -0.00000      0.07164     -0.43988     -0.00000      0.00000      0.00000     -0.00000     -0.00000     -0.00000      0.00000      1.06383     -0.06754     -0.00000      0.00000     -0.00000     25.74975      5.97427 
     0.00000     -0.00000     -0.00000     -0.00000      0.00000     -0.00000     -0.00000     -0.00000      0.00000     -0.00000      0.00000      0.12408     -0.00000      0.00000      0.00000     -0.00000      0.00000      0.00000     -0.00000      0.00000      0.00000     -1.84262      0.00000     -0.00000      0.00000      0.00000      0.00000      0.00000     -0.00000 
    -0.01488      0.24973     -0.00000      0.00000     -0.00000     -0.30733     -0.00000     -0.00000      0.00000     -0.00000      0.06204      0.00000     -0.00000     -0.03582     -0.43988     -0.00000      0.00000      0.00000     -0.00000      0.92131     -0.00000      0.00000     -0.53192     -0.06754      0.00000     -0.00000      0.00000     25.74975      5.97427 
     0.00045     -0.01356      0.00000     -0.00000      0.00000      0.02892      0.00000      0.00000     -0.00000      0.00000     -0.00000     -0.00000     -0.00000     -0.00000      0.00830     -0.00000     -0.00000      0.00000      0.00000     -0.00000      0.00000      0.00000     -0.00000     -1.03932     -0.00000      0.00000     -0.00000     -0.56767     -0.21134 
     0.00000     -0.00000      0.00109     -0.00000      0.00000     -0.00000     -0.01097     -0.00000     -0.00000     -0.00000     -0.00000     -0.00000      0.00000      0.00000     -0.00000      0.02473     -0.00000     -0.00000      0.00000     -0.00000     -0.00000     -0.00000      0.00000     -0.00000      1.04271     -0.00000      0.00000     -0.00000      0.00000 
     0.00000      0.00000     -0.00000      0.00000      0.00109      0.00000     -0.00000      0.00000      0.01097      0.00000      0.00000      0.00000     -0.00000     -0.00000     -0.00000      0.00000     -0.00000      0.02473      0.00000     -0.00000      0.00000      0.00000     -0.00000      0.00000      0.00000      0.00000     -1.04271     -0.00000      0.00000 
     0.00000      0.00000     -0.00000      0.00109     -0.00000      0.00000     -0.00000     -0.01097      0.00000     -0.00000      0.00000     -0.00000      0.00000     -0.00000      0.00000      0.00000      0.02473     -0.00000      0.00000      0.00000     -0.00000      0.00000     -0.00000      0.00000      0.00000      1.04271      0.00000     -0.00000     -0.00000 
   </betavectors>
</atomicguess>
